1     8.56882e+007
1.1     3.03001e+008
1.2     7.61766e+008
1.3     1.52333e+009
1.4     2.60084e+009
1.5     3.98396e+009
1.6     5.6421e+009
1.7     7.51548e+009
1.8     9.55662e+009
1.9     1.17242e+010
2     1.40119e+010
2.1     1.64046e+010
2.2     1.88579e+010
2.3     2.1357e+010
2.4     2.38903e+010
2.5     2.64489e+010
2.6     2.90269e+010
2.7     3.16205e+010
2.8     3.42269e+010
2.9     3.68442e+010
3     1.15863e+010
3.1     9.00578e+009
3.2     9.56927e+009
3.3     1.01348e+010
3.4     9.34967e+009
3.5     9.8485e+009
3.6     1.04191e+010
3.7     1.09812e+010
3.8     1.15358e+010
3.9     1.20841e+010
4     1.26495e+010
4.1     1.32335e+010
4.2     1.38153e+010
4.3     1.4396e+010
4.4     1.49763e+010
4.5     1.5557e+010
4.6     1.61386e+010
4.7     1.67218e+010
4.8     1.73068e+010
4.9     1.7894e+010
5     1.84904e+010
5.1     1.90961e+010
5.2     1.97046e+010
5.3     2.03163e+010
5.4     2.09312e+010
5.5     2.15495e+010
5.6     2.21715e+010
5.7     2.27971e+010
5.8     2.34265e+010
5.9     2.40597e+010
6     2.47087e+010
6.1     2.5374e+010
6.2     2.60437e+010
6.3     2.67177e+010
6.4     2.73959e+010
6.5     2.80783e+010
6.6     2.87646e+010
6.7     2.94546e+010
6.8     3.01481e+010
6.9     3.08448e+010
7     3.15445e+010
7.1     3.22468e+010
7.2     3.2951e+010
7.3     3.36567e+010
7.4     3.43632e+010
7.5     3.50701e+010
7.6     3.57766e+010
7.7     3.64823e+010
7.8     3.71862e+010
7.9     3.78878e+010
8     3.85971e+010
8.1     3.93134e+010
8.2     4.00253e+010
8.3     4.07319e+010
8.4     4.14324e+010
8.5     4.2126e+010
8.6     4.28117e+010
8.7     4.34889e+010
8.8     4.41568e+010
8.9     4.48145e+010
9     4.54614e+010
9.1     4.60967e+010
9.2     4.67197e+010
9.3     4.73299e+010
9.4     4.79267e+010
9.5     4.85094e+010
9.6     4.90776e+010
9.7     4.96308e+010
9.8     5.01686e+010
9.9     5.06907e+010
10     5.12059e+010
10.1     5.17138e+010
10.2     5.22046e+010
10.3     5.26783e+010
10.4     5.31345e+010
10.5     5.35732e+010
10.6     5.39942e+010
10.7     5.43975e+010
10.8     5.4783e+010
10.9     5.51508e+010
11     5.55009e+010
11.1     5.58334e+010
11.2     5.61483e+010
11.3     5.64458e+010
11.4     5.67261e+010
11.5     5.69893e+010
11.6     5.72357e+010
11.7     5.74653e+010
11.8     5.76786e+010
11.9     5.78757e+010
12     5.80569e+010
12.1     5.82224e+010
12.2     5.83726e+010
12.3     5.85078e+010
12.4     5.86283e+010
12.5     5.87343e+010
12.6     5.88262e+010
12.7     5.89044e+010
12.8     5.89691e+010
12.9     5.90206e+010
13     5.90594e+010
13.1     5.90858e+010
13.2     5.91e+010
13.3     5.91025e+010
13.4     5.90935e+010
13.5     5.90734e+010
13.6     5.90425e+010
13.7     5.90011e+010
13.8     5.89496e+010
13.9     5.88882e+010
14     5.88174e+010
14.1     5.87373e+010
14.2     5.86484e+010
14.3     5.85508e+010
14.4     5.84449e+010
14.5     5.8331e+010
14.6     5.82094e+010
14.7     5.80804e+010
14.8     5.79441e+010
14.9     5.78009e+010
15     5.76537e+010
15.1     5.75025e+010
15.2     5.7345e+010
15.3     5.71813e+010
15.4     5.70117e+010
15.5     5.68364e+010
15.6     5.66557e+010
15.7     5.64699e+010
15.8     5.6279e+010
15.9     5.60834e+010
16     5.58832e+010
16.1     5.56786e+010
16.2     5.54699e+010
16.3     5.52572e+010
16.4     5.50407e+010
16.5     5.48206e+010
16.6     5.45971e+010
16.7     5.43703e+010
16.8     5.41404e+010
16.9     5.39075e+010
17     5.36719e+010
17.1     5.34336e+010
17.2     5.31928e+010
17.3     5.29497e+010
17.4     5.27043e+010
17.5     5.24568e+010
17.6     5.22074e+010
17.7     5.19561e+010
17.8     5.17031e+010
17.9     5.14485e+010
18     5.11924e+010
18.1     5.09349e+010
18.2     5.06761e+010
18.3     5.04161e+010
18.4     5.0155e+010
18.5     4.98929e+010
18.6     4.96299e+010
18.7     4.9366e+010
18.8     4.91014e+010
18.9     4.88362e+010
19     4.85703e+010
19.1     4.8304e+010
19.2     4.80372e+010
19.3     4.777e+010
19.4     4.75025e+010
19.5     4.72348e+010
19.6     4.69668e+010
19.7     4.66988e+010
19.8     4.64307e+010
19.9     4.61626e+010
20     4.5895e+010
20.1     4.56279e+010
20.2     4.53609e+010
20.3     4.50941e+010
20.4     4.48275e+010
20.5     4.45611e+010
20.6     4.4295e+010
20.7     4.40291e+010
20.8     4.37637e+010
20.9     4.34987e+010
21     4.3234e+010
21.1     4.29699e+010
21.2     4.27062e+010
21.3     4.24431e+010
21.4     4.21806e+010
21.5     4.19186e+010
21.6     4.16572e+010
21.7     4.13965e+010
21.8     4.11365e+010
21.9     4.08771e+010
22     4.06185e+010
22.1     4.03606e+010
22.2     4.01035e+010
22.3     3.98471e+010
22.4     3.95915e+010
22.5     3.93368e+010
22.6     3.90829e+010
22.7     3.88298e+010
22.8     3.85776e+010
22.9     3.83263e+010
23     3.80758e+010
23.1     3.78263e+010
23.2     2.33248e+010
23.3     2.32917e+010
23.4     2.32569e+010
23.5     2.32202e+010
23.6     2.31819e+010
23.7     2.3142e+010
23.8     2.31003e+010
23.9     2.30571e+010
24     2.30122e+010
24.1     2.29659e+010
24.2     2.29179e+010
24.3     2.28685e+010
24.4     2.28176e+010
24.5     2.27653e+010
24.6     2.27115e+010
24.7     2.26564e+010
24.8     2.25999e+010
24.9     2.2542e+010
25     2.24829e+010
25.1     2.24224e+010
25.2     2.23607e+010
25.3     2.22978e+010
25.4     2.22337e+010
25.5     2.21684e+010
25.6     2.21019e+010
25.7     2.20343e+010
25.8     2.19656e+010
25.9     2.18958e+010
26     2.1825e+010
26.1     2.17531e+010
26.2     2.16802e+010
26.3     2.16063e+010
26.4     2.15314e+010
26.5     2.14556e+010
26.6     2.13789e+010
26.7     2.13013e+010
26.8     2.12227e+010
26.9     2.11434e+010
27     2.10632e+010
27.1     2.09821e+010
27.2     2.09003e+010
27.3     2.08177e+010
27.4     2.07343e+010
27.5     2.06502e+010
27.6     2.05654e+010
27.7     2.04798e+010
27.8     2.03936e+010
27.9     2.03067e+010
28     2.02192e+010
28.1     2.01311e+010
28.2     2.00423e+010
28.3     1.99529e+010
28.4     1.98629e+010
28.5     1.97724e+010
28.6     1.96814e+010
28.7     1.95898e+010
28.8     1.94977e+010
28.9     1.9405e+010
29     1.9312e+010
29.1     1.92184e+010
29.2     1.91244e+010
29.3     1.90299e+010
29.4     1.8935e+010
29.5     1.88397e+010
29.6     1.8744e+010
29.7     1.86479e+010
29.8     1.85515e+010
29.9     1.84546e+010
30     1.83575e+010
30.1     1.826e+010
30.2     1.81622e+010
30.3     1.80641e+010
30.4     1.79656e+010
30.5     1.78669e+010
30.6     1.77679e+010
30.7     1.76687e+010
30.8     1.75692e+010
30.9     1.74694e+010
31     1.73694e+010
31.1     1.72692e+010
31.2     1.71687e+010
31.3     1.70681e+010
31.4     1.69672e+010
31.5     1.68662e+010
31.6     1.6765e+010
31.7     1.66636e+010
31.8     1.65621e+010
31.9     1.64604e+010
32     1.63586e+010
32.1     1.62566e+010
32.2     1.61545e+010
32.3     1.60523e+010
32.4     1.595e+010
32.5     1.58476e+010
32.6     1.57451e+010
32.7     1.56426e+010
32.8     1.55399e+010
32.9     1.54372e+010
33     1.53344e+010
33.1     1.52316e+010
33.2     1.51287e+010
33.3     1.50258e+010
33.4     1.49228e+010
33.5     1.48199e+010
33.6     1.47169e+010
33.7     1.46139e+010
33.8     1.45109e+010
33.9     1.44079e+010
34     1.43049e+010
34.1     1.42019e+010
34.2     1.4099e+010
34.3     1.3996e+010
34.4     1.38931e+010
34.5     1.37903e+010
34.6     1.36875e+010
34.7     1.35847e+010
34.8     1.3482e+010
34.9     1.33793e+010
35     1.32767e+010
35.1     1.31742e+010
35.2     1.30717e+010
35.3     1.29694e+010
35.4     1.28671e+010
35.5     1.27649e+010
35.6     1.26628e+010
35.7     1.25608e+010
35.8     1.24589e+010
35.9     1.23571e+010
36     1.22554e+010
36.1     1.21538e+010
36.2     1.20523e+010
36.3     1.1951e+010
36.4     1.18498e+010
36.5     1.17487e+010
36.6     1.16477e+010
36.7     1.15469e+010
36.8     1.14462e+010
36.9     1.13457e+010
37     1.12453e+010
37.1     1.1145e+010
37.2     1.10449e+010
37.3     1.0945e+010
37.4     1.08452e+010
37.5     1.07456e+010
37.6     1.06461e+010
37.7     1.05468e+010
37.8     1.04477e+010
37.9     1.03488e+010
38     1.025e+010
38.1     1.01514e+010
38.2     1.00529e+010
38.3     9.9547e+009
38.4     9.85664e+009
38.5     9.75876e+009
38.6     9.66107e+009
38.7     9.56357e+009
38.8     9.46626e+009
38.9     9.36915e+009
39     9.27223e+009
39.1     9.1755e+009
39.2     9.07898e+009
39.3     8.98265e+009
39.4     8.88652e+009
39.5     8.7906e+009
39.6     8.69489e+009
39.7     8.59938e+009
39.8     8.50407e+009
39.9     8.40898e+009
40     8.31409e+009
40.1     8.21942e+009
40.2     8.12496e+009
40.3     8.03071e+009
40.4     7.93668e+009
40.5     7.84287e+009
40.6     7.74927e+009
40.7     7.65589e+009
40.8     7.56273e+009
40.9     7.46979e+009
41     7.37707e+009
41.1     7.28458e+009
41.2     7.19231e+009
41.3     7.10026e+009
41.4     7.00843e+009
41.5     6.91684e+009
41.6     6.82546e+009
41.7     6.73432e+009
41.8     6.6434e+009
41.9     6.5527e+009
42     6.46224e+009
42.1     6.372e+009
42.2     6.282e+009
42.3     6.19222e+009
42.4     6.10267e+009
42.5     6.01336e+009
42.6     5.92427e+009
42.7     5.83541e+009
42.8     5.74679e+009
42.9     5.65839e+009
43     5.57023e+009
43.1     5.4823e+009
43.2     5.3946e+009
43.3     5.30713e+009
43.4     5.21989e+009
43.5     5.13288e+009
43.6     5.04611e+009
43.7     4.95957e+009
43.8     4.87326e+009
43.9     4.78718e+009
44     4.70134e+009
44.1     4.61572e+009
44.2     4.53034e+009
44.3     4.44519e+009
44.4     4.36027e+009
44.5     4.27559e+009
44.6     4.19113e+009
44.7     4.1069e+009
44.8     4.02291e+009
44.9     3.93914e+009
45     3.85561e+009
45.1     3.77231e+009
45.2     3.68923e+009
45.3     3.60639e+009
45.4     3.52377e+009
45.5     3.44138e+009
45.6     3.35923e+009
45.7     3.2773e+009
45.8     3.19559e+009
45.9     3.11412e+009
46     3.03287e+009
46.1     2.95185e+009
46.2     2.87105e+009
46.3     2.79048e+009
46.4     2.71014e+009
46.5     2.63002e+009
46.6     2.55012e+009
46.7     2.47045e+009
46.8     2.391e+009
46.9     2.31177e+009
47     2.23277e+009
47.1     2.15399e+009
47.2     2.07543e+009
47.3     1.99709e+009
47.4     1.91897e+009
47.5     1.84107e+009
47.6     1.76339e+009
47.7     1.68593e+009
47.8     1.60869e+009
47.9     1.53166e+009
48     1.45485e+009
48.1     1.37826e+009
48.2     1.30189e+009
48.3     1.22573e+009
48.4     1.14978e+009
48.5     1.07405e+009
48.6     9.98533e+008
48.7     9.23229e+008
48.8     8.48139e+008
48.9     7.73261e+008
49     6.98596e+008
49.1     6.24142e+008
49.2     5.49901e+008
49.3     4.75872e+008
49.4     4.02056e+008
49.5     3.28452e+008
49.6     2.55064e+008
49.7     1.81892e+008
49.8     1.08944e+008
49.9     3.6235e+007
50     0
20.0738     7.44791e+010
20.2161     1.41483e+011
22.6989     1.33777e+010
22.7237     2.60724e+010
23.172     2.22691e+009
23.172     4.3201e+009
2.7848     336.267
2.8909     5.16357e+009
2.9157     8.94409e+009
3.1002     1.89514e+007
3.1049     2.83936e+007
3.3309     189.294
3.364     2.97754e+008
3.364     5.08316e+008
3.4094     1.07015e+006
3.4094     1.60041e+006
2.519     1.23189e+009
2.6251     1072.57
2.6499     1.40068e+007
2.8344     6.04367e+010
2.8391     210397
3.0651     1.27218e+008
3.0982     123.386
3.0982     1.17755e+006
3.1436     1.67466e+009
3.1436     6125.4
2.3767     3.28108e+009
2.4828     1.56673e+007
2.5076     1.53364e+007
2.6921     1.3781e+010
2.6968     1.23029e+011
2.9228     1.21874e+009
2.9559     4.71466e+006
2.9559     4.49434e+006
3.0013     1.31187e+009
3.0013     1.15713e+010
